123	-370	-123	370	-246	740	-370	123													
123	-493	0	247	123	494	123	123													
-370	617	-1111	-123	864	-864	370	-370													
-494	617	-1111	0	1111	-617	617	-864													
-740	-123	370	1111	-617	123	864	247													
-617	0	617	1234	-494	247	1234	-617													
-864	-864	-494	-247	123	617	1111	-494													
-863	-864	-494	-123	247	617	1234	-494													
																				
																				
																				
																				
																				
																				
																				
																				
																				
																				
																				
																				
																				
																				
																				
																				
																				
																				
																				
																				
																				
																				
																				
																				
																				
																				
																				
																				
