3932																				
1960																				
-10852																				
-16796																				
-34540																				
-31096																				
-30112																				
-31560																				
																				
																				
																				
																				
																				
																				
																				
																				
																				
																				
																				
																				
																				
																				
																				
																				
																				
																				
																				
																				
																				
																				
																				
																				
																				
																				
																				
																				
