10144																				
13900																				
17108																				
12832																				
-536																				
-8540																				
-6428																				
-12824																				
-16576																				
-26752																				
-31040																				
-31040																				
-21400																				
-31008																				
-23548																				
-22472																				
8564																				
28888																				
28892																				
26216																				
																				
																				
																				
																				
																				
																				
																				
																				
																				
																				
																				
																				
																				
																				
																				
																				
