13912																				
29096																				
6072																				
5932																				
-14436																				
-34752																				
-26224																				
-35824																				
-15504																				
-34780																				
-32108																				
-18192																				
-7500																				
-11752																				
-16036																				
-6432																				
10144																				
13900																				
17108																				
12832																				
-536																				
-8540																				
-6428																				
-12824																				
-16576																				
-26752																				
-31040																				
-31040																				
-21400																				
-31008																				
-23548																				
-22472																				
8564																				
28888																				
28892																				
26216																				
