-30084																				
-31560																				
-32568																				
-22212																				
-16284																				
-24692																				
-3956																				
1956																				
3932																				
1960																				
																				
																				
																				
																				
																				
																				
																				
																				
																				
																				
																				
																				
																				
																				
																				
																				
																				
																				
																				
																				
																				
																				
																				
																				
																				
																				
